Time 0
(12,2,4); (14,2,6); (39,5,1); (45,5,5); (7,9,5); (24,9,7); (35,9,3); (19,10,6); (29,10,3); (21,11,3); (2,12,1); (28,12,5); (40,13,3); (15,15,5); (48,15,7); (5,16,7); (13,16,5); (44,16,4); (22,18,5); (11,22,2); (38,23,5); (41,23,1); (27,24,7); (3,26,3); (26,27,1); (16,28,6); (17,28,3); (49,28,6); (32,30,1); (33,30,4); (46,30,1); (25,32,2); (6,33,3); (10,33,1); (9,35,2); (18,35,3); (36,35,3); (4,36,7); (31,36,7); (34,36,3); (20,37,1); (50,37,4); (47,38,2); (1,39,6); (8,39,3); (23,39,4); (42,39,7); (43,39,5); (30,40,4); (37,40,1);
Queue 1: closed
Queue 2: closed
Queue 3: closed
Queue 4: closed
Queue 5: closed
Time 1
(12,2,4); (14,2,6); (39,5,1); (45,5,5); (7,9,5); (24,9,7); (35,9,3); (19,10,6); (29,10,3); (21,11,3); (2,12,1); (28,12,5); (40,13,3); (15,15,5); (48,15,7); (5,16,7); (13,16,5); (44,16,4); (22,18,5); (11,22,2); (38,23,5); (41,23,1); (27,24,7); (3,26,3); (26,27,1); (16,28,6); (17,28,3); (49,28,6); (32,30,1); (33,30,4); (46,30,1); (25,32,2); (6,33,3); (10,33,1); (9,35,2); (18,35,3); (36,35,3); (4,36,7); (31,36,7); (34,36,3); (20,37,1); (50,37,4); (47,38,2); (1,39,6); (8,39,3); (23,39,4); (42,39,7); (43,39,5); (30,40,4); (37,40,1);
Queue 1: closed
Queue 2: closed
Queue 3: closed
Queue 4: closed
Queue 5: closed
Time 2
(39,5,1); (45,5,5); (7,9,5); (24,9,7); (35,9,3); (19,10,6); (29,10,3); (21,11,3); (2,12,1); (28,12,5); (40,13,3); (15,15,5); (48,15,7); (5,16,7); (13,16,5); (44,16,4); (22,18,5); (11,22,2); (38,23,5); (41,23,1); (27,24,7); (3,26,3); (26,27,1); (16,28,6); (17,28,3); (49,28,6); (32,30,1); (33,30,4); (46,30,1); (25,32,2); (6,33,3); (10,33,1); (9,35,2); (18,35,3); (36,35,3); (4,36,7); (31,36,7); (34,36,3); (20,37,1); (50,37,4); (47,38,2); (1,39,6); (8,39,3); (23,39,4); (42,39,7); (43,39,5); (30,40,4); (37,40,1);
Queue 1: (12,2,4);
Queue 2: (14,2,6);
Queue 3: closed
Queue 4: closed
Queue 5: closed
Time 3
(39,5,1); (45,5,5); (7,9,5); (24,9,7); (35,9,3); (19,10,6); (29,10,3); (21,11,3); (2,12,1); (28,12,5); (40,13,3); (15,15,5); (48,15,7); (5,16,7); (13,16,5); (44,16,4); (22,18,5); (11,22,2); (38,23,5); (41,23,1); (27,24,7); (3,26,3); (26,27,1); (16,28,6); (17,28,3); (49,28,6); (32,30,1); (33,30,4); (46,30,1); (25,32,2); (6,33,3); (10,33,1); (9,35,2); (18,35,3); (36,35,3); (4,36,7); (31,36,7); (34,36,3); (20,37,1); (50,37,4); (47,38,2); (1,39,6); (8,39,3); (23,39,4); (42,39,7); (43,39,5); (30,40,4); (37,40,1);
Queue 1: (12,2,3);
Queue 2: (14,2,5);
Queue 3: closed
Queue 4: closed
Queue 5: closed
Time 4
(39,5,1); (45,5,5); (7,9,5); (24,9,7); (35,9,3); (19,10,6); (29,10,3); (21,11,3); (2,12,1); (28,12,5); (40,13,3); (15,15,5); (48,15,7); (5,16,7); (13,16,5); (44,16,4); (22,18,5); (11,22,2); (38,23,5); (41,23,1); (27,24,7); (3,26,3); (26,27,1); (16,28,6); (17,28,3); (49,28,6); (32,30,1); (33,30,4); (46,30,1); (25,32,2); (6,33,3); (10,33,1); (9,35,2); (18,35,3); (36,35,3); (4,36,7); (31,36,7); (34,36,3); (20,37,1); (50,37,4); (47,38,2); (1,39,6); (8,39,3); (23,39,4); (42,39,7); (43,39,5); (30,40,4); (37,40,1);
Queue 1: (12,2,2);
Queue 2: (14,2,4);
Queue 3: closed
Queue 4: closed
Queue 5: closed
Time 5
(7,9,5); (24,9,7); (35,9,3); (19,10,6); (29,10,3); (21,11,3); (2,12,1); (28,12,5); (40,13,3); (15,15,5); (48,15,7); (5,16,7); (13,16,5); (44,16,4); (22,18,5); (11,22,2); (38,23,5); (41,23,1); (27,24,7); (3,26,3); (26,27,1); (16,28,6); (17,28,3); (49,28,6); (32,30,1); (33,30,4); (46,30,1); (25,32,2); (6,33,3); (10,33,1); (9,35,2); (18,35,3); (36,35,3); (4,36,7); (31,36,7); (34,36,3); (20,37,1); (50,37,4); (47,38,2); (1,39,6); (8,39,3); (23,39,4); (42,39,7); (43,39,5); (30,40,4); (37,40,1);
Queue 1: (12,2,1);
Queue 2: (14,2,3);
Queue 3: (39,5,1);
Queue 4: (45,5,5);
Queue 5: closed
Time 6
(7,9,5); (24,9,7); (35,9,3); (19,10,6); (29,10,3); (21,11,3); (2,12,1); (28,12,5); (40,13,3); (15,15,5); (48,15,7); (5,16,7); (13,16,5); (44,16,4); (22,18,5); (11,22,2); (38,23,5); (41,23,1); (27,24,7); (3,26,3); (26,27,1); (16,28,6); (17,28,3); (49,28,6); (32,30,1); (33,30,4); (46,30,1); (25,32,2); (6,33,3); (10,33,1); (9,35,2); (18,35,3); (36,35,3); (4,36,7); (31,36,7); (34,36,3); (20,37,1); (50,37,4); (47,38,2); (1,39,6); (8,39,3); (23,39,4); (42,39,7); (43,39,5); (30,40,4); (37,40,1);
Queue 1: closed
Queue 2: (14,2,2);
Queue 3: closed
Queue 4: (45,5,4);
Queue 5: closed
Time 7
(7,9,5); (24,9,7); (35,9,3); (19,10,6); (29,10,3); (21,11,3); (2,12,1); (28,12,5); (40,13,3); (15,15,5); (48,15,7); (5,16,7); (13,16,5); (44,16,4); (22,18,5); (11,22,2); (38,23,5); (41,23,1); (27,24,7); (3,26,3); (26,27,1); (16,28,6); (17,28,3); (49,28,6); (32,30,1); (33,30,4); (46,30,1); (25,32,2); (6,33,3); (10,33,1); (9,35,2); (18,35,3); (36,35,3); (4,36,7); (31,36,7); (34,36,3); (20,37,1); (50,37,4); (47,38,2); (1,39,6); (8,39,3); (23,39,4); (42,39,7); (43,39,5); (30,40,4); (37,40,1);
Queue 1: closed
Queue 2: (14,2,1);
Queue 3: closed
Queue 4: (45,5,3);
Queue 5: closed
Time 8
(7,9,5); (24,9,7); (35,9,3); (19,10,6); (29,10,3); (21,11,3); (2,12,1); (28,12,5); (40,13,3); (15,15,5); (48,15,7); (5,16,7); (13,16,5); (44,16,4); (22,18,5); (11,22,2); (38,23,5); (41,23,1); (27,24,7); (3,26,3); (26,27,1); (16,28,6); (17,28,3); (49,28,6); (32,30,1); (33,30,4); (46,30,1); (25,32,2); (6,33,3); (10,33,1); (9,35,2); (18,35,3); (36,35,3); (4,36,7); (31,36,7); (34,36,3); (20,37,1); (50,37,4); (47,38,2); (1,39,6); (8,39,3); (23,39,4); (42,39,7); (43,39,5); (30,40,4); (37,40,1);
Queue 1: closed
Queue 2: closed
Queue 3: closed
Queue 4: (45,5,2);
Queue 5: closed
Time 9
(19,10,6); (29,10,3); (21,11,3); (2,12,1); (28,12,5); (40,13,3); (15,15,5); (48,15,7); (5,16,7); (13,16,5); (44,16,4); (22,18,5); (11,22,2); (38,23,5); (41,23,1); (27,24,7); (3,26,3); (26,27,1); (16,28,6); (17,28,3); (49,28,6); (32,30,1); (33,30,4); (46,30,1); (25,32,2); (6,33,3); (10,33,1); (9,35,2); (18,35,3); (36,35,3); (4,36,7); (31,36,7); (34,36,3); (20,37,1); (50,37,4); (47,38,2); (1,39,6); (8,39,3); (23,39,4); (42,39,7); (43,39,5); (30,40,4); (37,40,1);
Queue 1: (7,9,5);
Queue 2: (24,9,7);
Queue 3: (35,9,3);
Queue 4: (45,5,1);
Queue 5: closed
Time 10
(21,11,3); (2,12,1); (28,12,5); (40,13,3); (15,15,5); (48,15,7); (5,16,7); (13,16,5); (44,16,4); (22,18,5); (11,22,2); (38,23,5); (41,23,1); (27,24,7); (3,26,3); (26,27,1); (16,28,6); (17,28,3); (49,28,6); (32,30,1); (33,30,4); (46,30,1); (25,32,2); (6,33,3); (10,33,1); (9,35,2); (18,35,3); (36,35,3); (4,36,7); (31,36,7); (34,36,3); (20,37,1); (50,37,4); (47,38,2); (1,39,6); (8,39,3); (23,39,4); (42,39,7); (43,39,5); (30,40,4); (37,40,1);
Queue 1: (7,9,4);
Queue 2: (24,9,6);
Queue 3: (35,9,2);
Queue 4: (19,10,6);
Queue 5: (29,10,3);
Time 11
(2,12,1); (28,12,5); (40,13,3); (15,15,5); (48,15,7); (5,16,7); (13,16,5); (44,16,4); (22,18,5); (11,22,2); (38,23,5); (41,23,1); (27,24,7); (3,26,3); (26,27,1); (16,28,6); (17,28,3); (49,28,6); (32,30,1); (33,30,4); (46,30,1); (25,32,2); (6,33,3); (10,33,1); (9,35,2); (18,35,3); (36,35,3); (4,36,7); (31,36,7); (34,36,3); (20,37,1); (50,37,4); (47,38,2); (1,39,6); (8,39,3); (23,39,4); (42,39,7); (43,39,5); (30,40,4); (37,40,1);
Queue 1: (7,9,3); (21,11,3);
Queue 2: (24,9,5);
Queue 3: (35,9,1);
Queue 4: (19,10,5);
Queue 5: (29,10,2);
Time 12
(40,13,3); (15,15,5); (48,15,7); (5,16,7); (13,16,5); (44,16,4); (22,18,5); (11,22,2); (38,23,5); (41,23,1); (27,24,7); (3,26,3); (26,27,1); (16,28,6); (17,28,3); (49,28,6); (32,30,1); (33,30,4); (46,30,1); (25,32,2); (6,33,3); (10,33,1); (9,35,2); (18,35,3); (36,35,3); (4,36,7); (31,36,7); (34,36,3); (20,37,1); (50,37,4); (47,38,2); (1,39,6); (8,39,3); (23,39,4); (42,39,7); (43,39,5); (30,40,4); (37,40,1);
Queue 1: (7,9,2); (21,11,3);
Queue 2: (24,9,4); (28,12,5);
Queue 3: (2,12,1);
Queue 4: (19,10,4);
Queue 5: (29,10,1);
Time 13
(15,15,5); (48,15,7); (5,16,7); (13,16,5); (44,16,4); (22,18,5); (11,22,2); (38,23,5); (41,23,1); (27,24,7); (3,26,3); (26,27,1); (16,28,6); (17,28,3); (49,28,6); (32,30,1); (33,30,4); (46,30,1); (25,32,2); (6,33,3); (10,33,1); (9,35,2); (18,35,3); (36,35,3); (4,36,7); (31,36,7); (34,36,3); (20,37,1); (50,37,4); (47,38,2); (1,39,6); (8,39,3); (23,39,4); (42,39,7); (43,39,5); (30,40,4); (37,40,1);
Queue 1: (7,9,1); (21,11,3);
Queue 2: (24,9,3); (28,12,5);
Queue 3: (40,13,3);
Queue 4: (19,10,3);
Queue 5: closed
Time 14
(15,15,5); (48,15,7); (5,16,7); (13,16,5); (44,16,4); (22,18,5); (11,22,2); (38,23,5); (41,23,1); (27,24,7); (3,26,3); (26,27,1); (16,28,6); (17,28,3); (49,28,6); (32,30,1); (33,30,4); (46,30,1); (25,32,2); (6,33,3); (10,33,1); (9,35,2); (18,35,3); (36,35,3); (4,36,7); (31,36,7); (34,36,3); (20,37,1); (50,37,4); (47,38,2); (1,39,6); (8,39,3); (23,39,4); (42,39,7); (43,39,5); (30,40,4); (37,40,1);
Queue 1: (21,11,3);
Queue 2: (24,9,2); (28,12,5);
Queue 3: (40,13,2);
Queue 4: (19,10,2);
Queue 5: closed
Time 15
(5,16,7); (13,16,5); (44,16,4); (22,18,5); (11,22,2); (38,23,5); (41,23,1); (27,24,7); (3,26,3); (26,27,1); (16,28,6); (17,28,3); (49,28,6); (32,30,1); (33,30,4); (46,30,1); (25,32,2); (6,33,3); (10,33,1); (9,35,2); (18,35,3); (36,35,3); (4,36,7); (31,36,7); (34,36,3); (20,37,1); (50,37,4); (47,38,2); (1,39,6); (8,39,3); (23,39,4); (42,39,7); (43,39,5); (30,40,4); (37,40,1);
Queue 1: (21,11,2); (48,15,7);
Queue 2: (24,9,1); (28,12,5);
Queue 3: (40,13,1);
Queue 4: (19,10,1);
Queue 5: (15,15,5);
Time 16
(22,18,5); (11,22,2); (38,23,5); (41,23,1); (27,24,7); (3,26,3); (26,27,1); (16,28,6); (17,28,3); (49,28,6); (32,30,1); (33,30,4); (46,30,1); (25,32,2); (6,33,3); (10,33,1); (9,35,2); (18,35,3); (36,35,3); (4,36,7); (31,36,7); (34,36,3); (20,37,1); (50,37,4); (47,38,2); (1,39,6); (8,39,3); (23,39,4); (42,39,7); (43,39,5); (30,40,4); (37,40,1);
Queue 1: (21,11,1); (48,15,7);
Queue 2: (28,12,5); (44,16,4);
Queue 3: (5,16,7);
Queue 4: (13,16,5);
Queue 5: (15,15,4);
Time 17
(22,18,5); (11,22,2); (38,23,5); (41,23,1); (27,24,7); (3,26,3); (26,27,1); (16,28,6); (17,28,3); (49,28,6); (32,30,1); (33,30,4); (46,30,1); (25,32,2); (6,33,3); (10,33,1); (9,35,2); (18,35,3); (36,35,3); (4,36,7); (31,36,7); (34,36,3); (20,37,1); (50,37,4); (47,38,2); (1,39,6); (8,39,3); (23,39,4); (42,39,7); (43,39,5); (30,40,4); (37,40,1);
Queue 1: (48,15,7);
Queue 2: (28,12,4); (44,16,4);
Queue 3: (5,16,6);
Queue 4: (13,16,4);
Queue 5: (15,15,3);
Time 18
(11,22,2); (38,23,5); (41,23,1); (27,24,7); (3,26,3); (26,27,1); (16,28,6); (17,28,3); (49,28,6); (32,30,1); (33,30,4); (46,30,1); (25,32,2); (6,33,3); (10,33,1); (9,35,2); (18,35,3); (36,35,3); (4,36,7); (31,36,7); (34,36,3); (20,37,1); (50,37,4); (47,38,2); (1,39,6); (8,39,3); (23,39,4); (42,39,7); (43,39,5); (30,40,4); (37,40,1);
Queue 1: (48,15,6); (22,18,5);
Queue 2: (28,12,3); (44,16,4);
Queue 3: (5,16,5);
Queue 4: (13,16,3);
Queue 5: (15,15,2);
Time 19
(11,22,2); (38,23,5); (41,23,1); (27,24,7); (3,26,3); (26,27,1); (16,28,6); (17,28,3); (49,28,6); (32,30,1); (33,30,4); (46,30,1); (25,32,2); (6,33,3); (10,33,1); (9,35,2); (18,35,3); (36,35,3); (4,36,7); (31,36,7); (34,36,3); (20,37,1); (50,37,4); (47,38,2); (1,39,6); (8,39,3); (23,39,4); (42,39,7); (43,39,5); (30,40,4); (37,40,1);
Queue 1: (48,15,5); (22,18,5);
Queue 2: (28,12,2); (44,16,4);
Queue 3: (5,16,4);
Queue 4: (13,16,2);
Queue 5: (15,15,1);
Time 20
(11,22,2); (38,23,5); (41,23,1); (27,24,7); (3,26,3); (26,27,1); (16,28,6); (17,28,3); (49,28,6); (32,30,1); (33,30,4); (46,30,1); (25,32,2); (6,33,3); (10,33,1); (9,35,2); (18,35,3); (36,35,3); (4,36,7); (31,36,7); (34,36,3); (20,37,1); (50,37,4); (47,38,2); (1,39,6); (8,39,3); (23,39,4); (42,39,7); (43,39,5); (30,40,4); (37,40,1);
Queue 1: (48,15,4); (22,18,5);
Queue 2: (28,12,1); (44,16,4);
Queue 3: (5,16,3);
Queue 4: (13,16,1);
Queue 5: closed
Time 21
(11,22,2); (38,23,5); (41,23,1); (27,24,7); (3,26,3); (26,27,1); (16,28,6); (17,28,3); (49,28,6); (32,30,1); (33,30,4); (46,30,1); (25,32,2); (6,33,3); (10,33,1); (9,35,2); (18,35,3); (36,35,3); (4,36,7); (31,36,7); (34,36,3); (20,37,1); (50,37,4); (47,38,2); (1,39,6); (8,39,3); (23,39,4); (42,39,7); (43,39,5); (30,40,4); (37,40,1);
Queue 1: (48,15,3); (22,18,5);
Queue 2: (44,16,4);
Queue 3: (5,16,2);
Queue 4: closed
Queue 5: closed
Time 22
(38,23,5); (41,23,1); (27,24,7); (3,26,3); (26,27,1); (16,28,6); (17,28,3); (49,28,6); (32,30,1); (33,30,4); (46,30,1); (25,32,2); (6,33,3); (10,33,1); (9,35,2); (18,35,3); (36,35,3); (4,36,7); (31,36,7); (34,36,3); (20,37,1); (50,37,4); (47,38,2); (1,39,6); (8,39,3); (23,39,4); (42,39,7); (43,39,5); (30,40,4); (37,40,1);
Queue 1: (48,15,2); (22,18,5);
Queue 2: (44,16,3);
Queue 3: (5,16,1);
Queue 4: (11,22,2);
Queue 5: closed
Time 23
(27,24,7); (3,26,3); (26,27,1); (16,28,6); (17,28,3); (49,28,6); (32,30,1); (33,30,4); (46,30,1); (25,32,2); (6,33,3); (10,33,1); (9,35,2); (18,35,3); (36,35,3); (4,36,7); (31,36,7); (34,36,3); (20,37,1); (50,37,4); (47,38,2); (1,39,6); (8,39,3); (23,39,4); (42,39,7); (43,39,5); (30,40,4); (37,40,1);
Queue 1: (48,15,1); (22,18,5);
Queue 2: (44,16,2);
Queue 3: (38,23,5);
Queue 4: (11,22,1);
Queue 5: (41,23,1);
Time 24
(3,26,3); (26,27,1); (16,28,6); (17,28,3); (49,28,6); (32,30,1); (33,30,4); (46,30,1); (25,32,2); (6,33,3); (10,33,1); (9,35,2); (18,35,3); (36,35,3); (4,36,7); (31,36,7); (34,36,3); (20,37,1); (50,37,4); (47,38,2); (1,39,6); (8,39,3); (23,39,4); (42,39,7); (43,39,5); (30,40,4); (37,40,1);
Queue 1: (22,18,5);
Queue 2: (44,16,1);
Queue 3: (38,23,4);
Queue 4: (27,24,7);
Queue 5: closed
Time 25
(3,26,3); (26,27,1); (16,28,6); (17,28,3); (49,28,6); (32,30,1); (33,30,4); (46,30,1); (25,32,2); (6,33,3); (10,33,1); (9,35,2); (18,35,3); (36,35,3); (4,36,7); (31,36,7); (34,36,3); (20,37,1); (50,37,4); (47,38,2); (1,39,6); (8,39,3); (23,39,4); (42,39,7); (43,39,5); (30,40,4); (37,40,1);
Queue 1: (22,18,4);
Queue 2: closed
Queue 3: (38,23,3);
Queue 4: (27,24,6);
Queue 5: closed
Time 26
(26,27,1); (16,28,6); (17,28,3); (49,28,6); (32,30,1); (33,30,4); (46,30,1); (25,32,2); (6,33,3); (10,33,1); (9,35,2); (18,35,3); (36,35,3); (4,36,7); (31,36,7); (34,36,3); (20,37,1); (50,37,4); (47,38,2); (1,39,6); (8,39,3); (23,39,4); (42,39,7); (43,39,5); (30,40,4); (37,40,1);
Queue 1: (22,18,3);
Queue 2: (3,26,3);
Queue 3: (38,23,2);
Queue 4: (27,24,5);
Queue 5: closed
Time 27
(16,28,6); (17,28,3); (49,28,6); (32,30,1); (33,30,4); (46,30,1); (25,32,2); (6,33,3); (10,33,1); (9,35,2); (18,35,3); (36,35,3); (4,36,7); (31,36,7); (34,36,3); (20,37,1); (50,37,4); (47,38,2); (1,39,6); (8,39,3); (23,39,4); (42,39,7); (43,39,5); (30,40,4); (37,40,1);
Queue 1: (22,18,2);
Queue 2: (3,26,2);
Queue 3: (38,23,1);
Queue 4: (27,24,4);
Queue 5: (26,27,1);
Time 28
(32,30,1); (33,30,4); (46,30,1); (25,32,2); (6,33,3); (10,33,1); (9,35,2); (18,35,3); (36,35,3); (4,36,7); (31,36,7); (34,36,3); (20,37,1); (50,37,4); (47,38,2); (1,39,6); (8,39,3); (23,39,4); (42,39,7); (43,39,5); (30,40,4); (37,40,1);
Queue 1: (22,18,1); (49,28,6);
Queue 2: (3,26,1);
Queue 3: (16,28,6);
Queue 4: (27,24,3);
Queue 5: (17,28,3);
Time 29
(32,30,1); (33,30,4); (46,30,1); (25,32,2); (6,33,3); (10,33,1); (9,35,2); (18,35,3); (36,35,3); (4,36,7); (31,36,7); (34,36,3); (20,37,1); (50,37,4); (47,38,2); (1,39,6); (8,39,3); (23,39,4); (42,39,7); (43,39,5); (30,40,4); (37,40,1);
Queue 1: (49,28,6);
Queue 2: closed
Queue 3: (16,28,5);
Queue 4: (27,24,2);
Queue 5: (17,28,2);
Time 30
(25,32,2); (6,33,3); (10,33,1); (9,35,2); (18,35,3); (36,35,3); (4,36,7); (31,36,7); (34,36,3); (20,37,1); (50,37,4); (47,38,2); (1,39,6); (8,39,3); (23,39,4); (42,39,7); (43,39,5); (30,40,4); (37,40,1);
Queue 1: (49,28,5); (33,30,4);
Queue 2: (32,30,1); (46,30,1);
Queue 3: (16,28,4);
Queue 4: (27,24,1);
Queue 5: (17,28,1);
Time 31
(25,32,2); (6,33,3); (10,33,1); (9,35,2); (18,35,3); (36,35,3); (4,36,7); (31,36,7); (34,36,3); (20,37,1); (50,37,4); (47,38,2); (1,39,6); (8,39,3); (23,39,4); (42,39,7); (43,39,5); (30,40,4); (37,40,1);
Queue 1: (49,28,4); (33,30,4);
Queue 2: (46,30,1);
Queue 3: (16,28,3);
Queue 4: closed
Queue 5: closed
Time 32
(6,33,3); (10,33,1); (9,35,2); (18,35,3); (36,35,3); (4,36,7); (31,36,7); (34,36,3); (20,37,1); (50,37,4); (47,38,2); (1,39,6); (8,39,3); (23,39,4); (42,39,7); (43,39,5); (30,40,4); (37,40,1);
Queue 1: (49,28,3); (33,30,4);
Queue 2: (25,32,2);
Queue 3: (16,28,2);
Queue 4: closed
Queue 5: closed
Time 33
(9,35,2); (18,35,3); (36,35,3); (4,36,7); (31,36,7); (34,36,3); (20,37,1); (50,37,4); (47,38,2); (1,39,6); (8,39,3); (23,39,4); (42,39,7); (43,39,5); (30,40,4); (37,40,1);
Queue 1: (49,28,2); (33,30,4);
Queue 2: (25,32,1);
Queue 3: (16,28,1);
Queue 4: (6,33,3);
Queue 5: (10,33,1);
Time 34
(9,35,2); (18,35,3); (36,35,3); (4,36,7); (31,36,7); (34,36,3); (20,37,1); (50,37,4); (47,38,2); (1,39,6); (8,39,3); (23,39,4); (42,39,7); (43,39,5); (30,40,4); (37,40,1);
Queue 1: (49,28,1); (33,30,4);
Queue 2: closed
Queue 3: closed
Queue 4: (6,33,2);
Queue 5: closed
Time 35
(4,36,7); (31,36,7); (34,36,3); (20,37,1); (50,37,4); (47,38,2); (1,39,6); (8,39,3); (23,39,4); (42,39,7); (43,39,5); (30,40,4); (37,40,1);
Queue 1: (33,30,4);
Queue 2: (9,35,2);
Queue 3: (18,35,3);
Queue 4: (6,33,1);
Queue 5: (36,35,3);
Time 36
(20,37,1); (50,37,4); (47,38,2); (1,39,6); (8,39,3); (23,39,4); (42,39,7); (43,39,5); (30,40,4); (37,40,1);
Queue 1: (33,30,3); (31,36,7);
Queue 2: (9,35,1); (34,36,3);
Queue 3: (18,35,2);
Queue 4: (4,36,7);
Queue 5: (36,35,2);
Time 37
(47,38,2); (1,39,6); (8,39,3); (23,39,4); (42,39,7); (43,39,5); (30,40,4); (37,40,1);
Queue 1: (33,30,2); (31,36,7);
Queue 2: (34,36,3); (20,37,1);
Queue 3: (18,35,1); (50,37,4);
Queue 4: (4,36,6);
Queue 5: (36,35,1);
Time 38
(1,39,6); (8,39,3); (23,39,4); (42,39,7); (43,39,5); (30,40,4); (37,40,1);
Queue 1: (33,30,1); (31,36,7);
Queue 2: (34,36,2); (20,37,1);
Queue 3: (50,37,4);
Queue 4: (4,36,5);
Queue 5: (47,38,2);
Time 39
(30,40,4); (37,40,1);
Queue 1: (31,36,7); (1,39,6); (43,39,5);
Queue 2: (34,36,1); (20,37,1);
Queue 3: (50,37,3); (8,39,3);
Queue 4: (4,36,4); (23,39,4);
Queue 5: (47,38,1); (42,39,7);
Time 40
Waiting clients: none

Queue 1: (31,36,6); (1,39,6); (43,39,5);
Queue 2: (20,37,1); (30,40,4);
Queue 3: (50,37,2); (8,39,3);
Queue 4: (4,36,3); (23,39,4);
Queue 5: (42,39,7); (37,40,1);
Time 41
Waiting clients: none

Queue 1: (31,36,5); (1,39,6); (43,39,5);
Queue 2: (30,40,4);
Queue 3: (50,37,1); (8,39,3);
Queue 4: (4,36,2); (23,39,4);
Queue 5: (42,39,6); (37,40,1);
Time 42
Waiting clients: none

Queue 1: (31,36,4); (1,39,6); (43,39,5);
Queue 2: (30,40,3);
Queue 3: (8,39,3);
Queue 4: (4,36,1); (23,39,4);
Queue 5: (42,39,5); (37,40,1);
Time 43
Waiting clients: none

Queue 1: (31,36,3); (1,39,6); (43,39,5);
Queue 2: (30,40,2);
Queue 3: (8,39,2);
Queue 4: (23,39,4);
Queue 5: (42,39,4); (37,40,1);
Time 44
Waiting clients: none

Queue 1: (31,36,2); (1,39,6); (43,39,5);
Queue 2: (30,40,1);
Queue 3: (8,39,1);
Queue 4: (23,39,3);
Queue 5: (42,39,3); (37,40,1);
Time 45
Waiting clients: none

Queue 1: (31,36,1); (1,39,6); (43,39,5);
Queue 2: closed
Queue 3: closed
Queue 4: (23,39,2);
Queue 5: (42,39,2); (37,40,1);
Time 46
Waiting clients: none

Queue 1: (1,39,6); (43,39,5);
Queue 2: closed
Queue 3: closed
Queue 4: (23,39,1);
Queue 5: (42,39,1); (37,40,1);
Time 47
Waiting clients: none

Queue 1: (1,39,5); (43,39,5);
Queue 2: closed
Queue 3: closed
Queue 4: closed
Queue 5: (37,40,1);
Time 48
Waiting clients: none

Queue 1: (1,39,4); (43,39,5);
Queue 2: closed
Queue 3: closed
Queue 4: closed
Queue 5: closed
Time 49
Waiting clients: none

Queue 1: (1,39,3); (43,39,5);
Queue 2: closed
Queue 3: closed
Queue 4: closed
Queue 5: closed
Time 50
Waiting clients: none

Queue 1: (1,39,2); (43,39,5);
Queue 2: closed
Queue 3: closed
Queue 4: closed
Queue 5: closed
Time 51
Waiting clients: none

Queue 1: (1,39,1); (43,39,5);
Queue 2: closed
Queue 3: closed
Queue 4: closed
Queue 5: closed
Time 52
Waiting clients: none

Queue 1: (43,39,5);
Queue 2: closed
Queue 3: closed
Queue 4: closed
Queue 5: closed
Time 53
Waiting clients: none

Queue 1: (43,39,4);
Queue 2: closed
Queue 3: closed
Queue 4: closed
Queue 5: closed
Time 54
Waiting clients: none

Queue 1: (43,39,3);
Queue 2: closed
Queue 3: closed
Queue 4: closed
Queue 5: closed
Time 55
Waiting clients: none

Queue 1: (43,39,2);
Queue 2: closed
Queue 3: closed
Queue 4: closed
Queue 5: closed
Time 56
Waiting clients: none

Queue 1: (43,39,1);
Queue 2: closed
Queue 3: closed
Queue 4: closed
Queue 5: closed
Time 57
Waiting clients: none

Queue 1: closed
Queue 2: closed
Queue 3: closed
Queue 4: closed
Queue 5: closed
Time 58
Waiting clients: none

Queue 1: closed
Queue 2: closed
Queue 3: closed
Queue 4: closed
Queue 5: closed
Time 59
Waiting clients: none

Queue 1: closed
Queue 2: closed
Queue 3: closed
Queue 4: closed
Queue 5: closed
Average Waiting Time: 1.42
Average Serving Time: 3.86
Peak Hour: 39
